---
build/assets/images/upstackstudio-react-native-9daee7e7.png: 2020-09-14 00:22:51.334021984
  +08:00
build/assets/images/adrianching-912db1c0.jpg: 2020-09-14 00:22:51.338279745 +08:00
build/assets/images/favicon-9b2f91af.png: 2020-09-14 00:22:51.333422077 +08:00
build/assets/images/upstackstudio-fef34250.png: 2020-09-14 00:22:51.335057586 +08:00
build/assets/images/about-0842e610.jpg: 2020-09-14 00:22:51.338925112 +08:00
build/assets/images/office-3067215f.jpg: 2020-09-14 00:22:51.337601020 +08:00
build/assets/images/upstackstudio-ruby-on-rails-a6a44c73.png: 2020-09-14 00:22:51.332954925
  +08:00
build/assets/images/adrianching@2x-e0a63d60.jpg: 2020-09-14 00:22:51.337027502 +08:00
build/assets/images/upstackstudio-logo-22e38bb0.png: 2020-09-14 00:22:51.334458463
  +08:00
build/assets/images/paper-6856f6bf.jpg: 2020-09-14 00:22:51.335526268 +08:00
build/assets/images/background-1d1172a6.jpg: 2020-09-14 00:22:51.336504240 +08:00
