---
build/assets/images/adrianching-d25fd5b0.jpg: 2017-04-17 04:49:43.000000000 +08:00
build/assets/images/azbolt-logo-51d45984.png: 2017-04-17 04:49:51.000000000 +08:00
build/assets/images/background-1d1172a6.jpg: 2017-04-17 04:49:43.000000000 +08:00
build/assets/images/favicon-91b5eef8.png: 2017-04-17 04:49:43.000000000 +08:00
build/assets/images/office-3067215f.jpg: 2017-04-17 04:49:43.000000000 +08:00
build/assets/images/paper-6856f6bf.jpg: 2017-04-17 04:49:43.000000000 +08:00
build/assets/images/sooyang-7b63d36f.jpg: 2017-04-17 04:49:43.000000000 +08:00
